# points_3D = np.array([
    #     [8.5, 0.3, 11],
    #     [7.5, 4, 11],
    #     [8, 10.75, 11],
    #     [8.5, 15, 11],
    #     [7.5, 20.4, 11],
    #     [6, 0.6, 11],
    #     [6, 7, 11],
    #     [6, 15.25, 11],
    #     [6.25, 17.25, 11],
    #     [5.25, 21.7, 11],
        # [3.4, 2, 11],
        # [3.2, 5.5, 11],
        # [2.2, 6.9, 11],
        # [3, 14.8, 11],
        # [3.5, 19.2, 11],
        # [2.8, 21.5, 11],
        # [0.8, 0.3, 11],
        # [1.3, 4.4, 11],
        # [1, 11.25, 11],
        # [0.3, 14.75, 11],
        # [2, 17.75, 11],
        # [0.6, 22, 11],
        # [8.5, 22.5, 11],
    # ])


 # Call the function to get points
    # points_image1, points_image2 = get_matched_points()

    # points_image1 = [(1826, 1969), (969, 1691), (1064, 2383), (1844, 2767), (2660, 1330), (2619, 1845), (1371, 1531), (1188, 1626), (1407, 1780), (1590, 1650), (1767, 1786), (1986, 1673), (1957, 1573), (2205, 1537), (2004, 1792), (1040, 1863), (1069, 2070), (1312, 1963),  (1158, 2217), (1217, 2383), (1442, 2164), (1708, 1945), (1696, 2117), (1537, 2383), (1377, 2513), (1720, 2566), (2406, 1401), (2489, 1360), (2542, 1324), (1891, 2200), (1986, 2377), (1903, 2661), (2098, 2407), (2152, 2200), (2098, 1869), (2229, 1892), (2359, 1626), (2483, 1478), (2483, 1667), (2536, 1602), (2205, 2170), (2347, 2123), (2459, 1880), (2459, 1981), (2536, 1851), (2566, 1733), (2625, 1709), (2613, 1425), (2607, 1555), (1939, 1029)]
    # points_image2 = [(1657, 2016), (1101, 1555), (1178, 2146), (1687, 2750), (3053, 1348), (2934, 1910), (1539, 1437), (1308, 1520), (1385, 1727), (1657, 1632), (1716, 1815), (2012, 1709), (2053, 1579), (2331, 1579), (1905, 1863), (1137, 1733), (1160, 1904), (1308, 1880), (1225, 2058), (1273, 2217), (1403, 2093), (1574, 1963), (1562, 2123), (1456, 2312), (1379, 2371), (1598, 2519), (2686, 1419), (2816, 1372), (2929, 1342), (1746, 2253), (1870, 2401), (1764, 2661), (2053, 2442), (2136, 2259), (2047, 1940), (2266, 1969), (2509, 1673), (2733, 1526), (2716, 1715), (2816, 1638), (2225, 2217), (2473, 2170), (2662, 1951), (2668, 2046), (2804, 1904), (2875, 1786), (2964, 1780), (2970, 1472), (2988, 1602), (2112, 999)]
